1.433653892386918116e+01
1.433669149309702640e+01
1.590334341822040010e+01
1.718346696035097310e+01
1.718569839841012836e+01
1.597231925852800849e+01
1.473435620475967411e+01
1.472501686939426335e+01
1.722071857564265329e+01
1.997746826655405528e+01
1.724950532922128588e+01
2.355775382916532124e+01
3.052153452873794137e+01
3.979873745987264755e+01
5.075202284456275237e+01
6.053409547226875276e+01
7.439484276059066303e+01
8.993644369215429890e+01
1.015320623210272117e+02
1.159718499113533881e+02
1.267629348717560447e+02
1.317936958144449306e+02
1.350489579223115015e+02
1.397971644788132721e+02
1.443060655055492987e+02
1.495170265993434384e+02
1.540446256452169962e+02
1.571045705793073068e+02
1.571482081990105826e+02
1.563926057756020214e+02
1.527680436210704045e+02
1.471687456089314878e+02
1.418060907846172256e+02
1.329339502234678605e+02
1.261477003306550984e+02
1.214269629241961894e+02
1.113330684940736575e+02
1.025341995401142583e+02
9.361436101606983584e+01
8.640801758729308801e+01
7.799299113986590726e+01
6.892643440220575712e+01
5.821478782935074037e+01
5.043402640554462835e+01
4.773138720394037193e+01
3.950929074589055290e+01
3.580320025651389670e+01
3.200217977691684013e+01
2.604920846910060916e+01
2.320245054984737720e+01
2.205738194508730743e+01
2.245291193698307453e+01
2.130981575458155675e+01
