1.185995927300434616e+01
1.399623906275813567e+01
1.918562455211036877e+01
2.302223906770127471e+01
2.776460914316607997e+01
4.129221304888043420e+01
5.234263907666836246e+01
6.071313333594549988e+01
7.249777574554941850e+01
9.000823027808847598e+01
9.835491954859578811e+01
1.080637667006776610e+02
1.129592572032848921e+02
1.165264849855397387e+02
1.139834648898509215e+02
1.138234962359778280e+02
1.164750222804718476e+02
1.159472831427491570e+02
1.199585214468076515e+02
1.165964151646497271e+02
1.152641744855758503e+02
1.139631383292258278e+02
1.117141342449250914e+02
1.033878856714489842e+02
9.886265352721321165e+01
9.007535857296984716e+01
8.135654410868207265e+01
7.309934791825496347e+01
6.666435956068578150e+01
5.838808445829660343e+01
4.928675594989622510e+01
3.763590008871697989e+01
2.959045411677967863e+01
2.487883573663240355e+01
1.884272584388564908e+01
1.722852349056745425e+01
1.592024274663824457e+01
