3.848796306544380741e+01
3.862510266823693428e+01
3.963382129548008237e+01
3.965012055468648100e+01
4.494809831903120312e+01
4.691388750893931103e+01
4.973991173149308054e+01
5.257101775724712667e+01
5.783165952439193802e+01
6.060184064703316409e+01
6.462665635456056634e+01
7.151468511256194915e+01
7.942846483541713098e+01
8.225904713435231486e+01
9.259867622519585950e+01
9.923697530314181847e+01
1.053409598220657983e+02
1.145405432032277133e+02
1.179515428052240651e+02
1.244741846214642749e+02
1.251959597693301163e+02
1.286706809783276242e+02
1.313534191760584235e+02
1.337812165290222879e+02
1.349734107725044510e+02
1.349600111837042107e+02
1.325083548151144157e+02
1.337490959934547732e+02
1.289617438013530375e+02
1.277509296890228967e+02
1.214889339485388575e+02
1.199171978125181397e+02
1.171885392805049264e+02
1.088840831722020397e+02
1.038038547772530791e+02
9.908860989892033899e+01
9.385218693288162228e+01
9.133916303397006686e+01
8.638791043131843139e+01
7.923382126480605336e+01
7.327061800805330449e+01
7.362349629919644656e+01
6.643772037796718166e+01
6.282596841105512198e+01
5.975154856873498233e+01
5.399029830019490817e+01
5.262700404751069527e+01
4.883640004957207026e+01
4.695437462574093956e+01
4.222829420166060999e+01
4.131489511631616551e+01
3.928360273269069580e+01
3.928160953885156204e+01
3.744818061411915266e+01
