3.724267834094940355e+01
3.839304359985016646e+01
3.840158966167704335e+01
3.745834308391692247e+01
3.851979595675099688e+01
4.016602515334718504e+01
4.303394265502827665e+01
4.600922987088390670e+01
5.152210311653143293e+01
5.420369107780608431e+01
6.101755876891125041e+01
6.221000978614683419e+01
6.721373844569957612e+01
7.283824580245257607e+01
8.099197705169733297e+01
8.996046564209746066e+01
9.533969517611558331e+01
1.010887891939951118e+02
1.063791992722382673e+02
1.123982838718872443e+02
1.204240096615791487e+02
1.194182135709185815e+02
1.215177704063604267e+02
1.266537577357404842e+02
1.319893526011721860e+02
1.370448593567962234e+02
1.382201740101665166e+02
1.403742348860751292e+02
1.405771995841382704e+02
1.424609618208993140e+02
1.404182137523353049e+02
1.394053921178106350e+02
1.373469759491638342e+02
1.351086816565034212e+02
1.350222259920907959e+02
1.338029889966314840e+02
1.316356001958757531e+02
1.291200667440414804e+02
1.254943148454884039e+02
1.222721825794164090e+02
1.178125773850744764e+02
1.146776623771788763e+02
1.102028283381835934e+02
1.079677383059547964e+02
1.039778133706025187e+02
9.765140408885012846e+01
9.400053015553444880e+01
9.224514326836532518e+01
8.194662351479973950e+01
8.056457345855888263e+01
7.494668887793542922e+01
7.318675187040382468e+01
6.750819101912313158e+01
6.284782644534697482e+01
6.103665336786218631e+01
5.857607572670458040e+01
5.488832373170748014e+01
5.241333325598061066e+01
4.969100295514785870e+01
4.884174189762056528e+01
4.689528432483922415e+01
4.495922600654757417e+01
4.399821328996854675e+01
4.310245203670942971e+01
4.400227270846389871e+01
4.309811930362835852e+01
4.308669171246196328e+01
4.208638582825118846e+01
3.946720514477246411e+01
3.768263024869077782e+01
