2.090958954671649295e+01
2.250299849846217626e+01
2.157583641804488650e+01
2.481549521686881477e+01
2.317798487710047084e+01
2.155434439862369089e+01
2.370175829644256282e+01
2.415119539561035467e+01
3.249080099391411380e+01
3.306997155347495010e+01
4.585738599975294960e+01
5.566073629756477459e+01
6.822420823164624437e+01
8.460702278271648424e+01
9.873352142413470744e+01
1.066062760652189354e+02
1.148293270772355186e+02
1.220954731785861753e+02
1.260189869518824537e+02
1.278813103918113967e+02
1.338143660671194368e+02
1.369823296397404135e+02
1.411523724324400177e+02
1.389962527228677516e+02
1.408735062569905381e+02
1.381667833603303279e+02
1.350739903176436769e+02
1.349914700510315413e+02
1.338941179002478066e+02
1.296704933972357594e+02
1.257423739426968439e+02
1.224892291867792693e+02
1.141195185787560717e+02
1.084389130725511592e+02
1.005421033941502742e+02
9.130950250123814271e+01
8.138095597024467054e+01
7.323655821620540962e+01
6.995547193972134892e+01
6.495158209689114415e+01
5.531025872260164533e+01
5.046851190544133914e+01
4.313833029568915833e+01
3.844821632005366752e+01
3.163948811135835371e+01
2.879310157625582178e+01
2.646728742105793941e+01
2.130762405878195054e+01
1.960880059359757865e+01
1.804183456178442668e+01
1.919122669182445762e+01
1.963420961393262587e+01
2.081999244050583542e+01
2.041204851269751686e+01
1.846620965647822032e+01
1.805102482695870592e+01
1.844429556308004692e+01
1.924850923358695098e+01
1.807693831029289555e+01
1.965364008637527604e+01
1.924370026743889639e+01
2.036853125615230908e+01
1.923811119714398998e+01
1.962800188796225598e+01
1.762237235975479166e+01
1.960971444592210133e+01
1.842704208570359015e+01
1.843343235892872656e+01
1.842795855355101509e+01
1.682676183161234462e+01
1.718337715533185062e+01
1.721120582191355552e+01
1.722256250402654132e+01
