3.632767137029691185e+01
3.742653621779532358e+01
3.818728523220028848e+01
3.930639199521655769e+01
4.125609744117235067e+01
4.688952110924615369e+01
5.049769196360119139e+01
5.784704596892660078e+01
6.337751440757435972e+01
6.989229469866482702e+01
7.325071446633269545e+01
8.383847619895422554e+01
9.282723067228060643e+01
1.007841539690489299e+02
1.071583830254282645e+02
1.147534735964230919e+02
1.204602574905014620e+02
1.271318157152807800e+02
1.326737760087328013e+02
1.371344009029585891e+02
1.384168278143876023e+02
1.374122471634273666e+02
1.396326238547116816e+02
1.454910960648701064e+02
1.455000797670851398e+02
1.446121026356181289e+02
1.425517302888981419e+02
1.433900907237543834e+02
1.362545787745895325e+02
1.361367993344370859e+02
1.325009222573487193e+02
1.276409108570054372e+02
1.242000591357739552e+02
1.210077409190945161e+02
1.186609188601856886e+02
1.178829342622224061e+02
1.098522227781319600e+02
1.066803187225213350e+02
9.992225890308596092e+01
9.545695728484488995e+01
9.113325746665047689e+01
8.378670431908135185e+01
8.056967597337403220e+01
7.282924983103588090e+01
7.244955833352871366e+01
6.643338812888093514e+01
6.342303320530678690e+01
6.345051192337726320e+01
5.991305694954947114e+01
5.627959139668420363e+01
5.341900394892873294e+01
5.073956779852532861e+01
4.707454016811988851e+01
4.499284439445280270e+01
4.177716495916106965e+01
3.997748899640691889e+01
